"species","x","y","ppt","tmean","vpdmax","vpdmin"
"species",1,1,1432.43908691406,17.105001449585,17.0400009155273,1.05200004577637
"species",2,2,1501.46008300781,17.3700008392334,16.3910007476807,1.19000005722046
"species",3,3,1426.68908691406,17.1040000915527,16.4150009155273,1.00200009346008
"species",4,4,1393.11901855469,17.2730007171631,17.4940013885498,0.848000049591064
"species",5,5,1428.35900878906,16.9290008544922,16.9940013885498,1.13800001144409
"species",6,6,1493.72912597656,17.3580017089844,17.4890003204346,1.04200005531311
"species",7,7,1391.97009277344,16.8990001678467,16.4770011901855,0.719000041484833
"species",8,8,1443.12902832031,17.0139999389648,16.8700008392334,0.800000011920929
"species",9,9,1492.37902832031,17.6440010070801,17.0670013427734,0.984000027179718
"species",10,10,1495.3291015625,17.3850002288818,17.4930000305176,1.03400003910065
"species",11,11,1479.46911621094,17.1880016326904,17.3070011138916,0.918000042438507
"species",12,12,1287.49011230469,16.1580009460449,15.7620010375977,0.590000033378601
"species",13,13,1378.66906738281,17.3950004577637,17.9200000762939,0.920000016689301
"species",14,14,1298.43908691406,17.4590015411377,18.068000793457,0.903000056743622
"species",15,15,1472.49011230469,17.5290012359619,17.7350006103516,0.802000045776367
"species",16,16,1328.90905761719,17.5920009613037,18.8159999847412,0.891000032424927
"species",17,17,1528.68005371094,17.7950000762939,18.3200016021729,1.08200001716614
"species",18,18,1391.15002441406,17.7940006256104,18.867000579834,0.958000063896179
"species",19,19,1426.60009765625,17.7760009765625,18.9970016479492,0.922000050544739
