"species","x","y","ppt","tmean","vpdmax","vpdmin"
"species",1,1,971.52099609375,16.5264167785645,17.7270011901855,1.06700003147125
"species",2,2,965.742980957031,16.4487915039062,17.5340003967285,1.0900000333786
"species",3,3,985.963989257812,16.4352493286133,17.5510005950928,1.09500002861023
"species",4,4,989.015014648438,16.1117076873779,16.6260013580322,1.08000004291534
"species",5,5,998.924987792969,16.1240825653076,16.6540012359619,1.06000006198883
"species",6,6,999.101013183594,16.1711254119873,16.7950000762939,1.05400002002716
"species",7,7,1065.35595703125,15.9334173202515,16.4970016479492,1.09800004959106
"species",8,8,1086.96997070312,16.1123752593994,16.1800003051758,0.973000049591064
"species",9,9,1032.53295898438,16.3277072906494,16.734001159668,1.05200004577637
"species",10,10,983.45703125,16.2556247711182,16.6240005493164,1.10300004482269
"species",11,11,1105.89697265625,16.7154159545898,11.3360004425049,1.61400008201599
"species",12,12,1107.42700195312,16.8411254882812,11.4970006942749,1.61400008201599
"species",13,13,1093.3310546875,16.7294578552246,12.8920001983643,1.68300008773804
"species",14,14,1077.56298828125,16.6499576568604,16.4850006103516,1.37000012397766
"species",15,15,996.575012207031,16.6776657104492,16.996000289917,1.29100000858307
"species",16,16,912.168029785156,16.7921257019043,17.1030006408691,1.30000007152557
"species",17,17,903.825988769531,16.9827919006348,16.935001373291,1.32200002670288
"species",18,18,927.526000976562,16.1590003967285,17.5139999389648,1.16100001335144
"species",19,19,945.698974609375,16.8693752288818,16.9040012359619,1.19000005722046
"species",20,20,1081.00402832031,16.9004173278809,16.9070014953613,1.37300002574921
"species",21,21,1099.88793945312,17.2512092590332,17.6360015869141,1.36100006103516
"species",22,22,1060.51293945312,17.3966674804688,17.693000793457,1.33500003814697
"species",23,23,1120.48400878906,17.0043754577637,17.318000793457,1.26300001144409
"species",24,24,1171.42102050781,17.0901660919189,14.3640003204346,1.22700011730194
"species",25,25,1129.01904296875,17.0342082977295,16.3360004425049,1.01600003242493
"species",26,26,1081.13000488281,17.1684989929199,17.2320003509521,1.08300006389618
"species",27,27,1089.81604003906,17.8061256408691,18.07200050354,1.10500001907349
"species",28,28,1126.73303222656,17.9091243743896,18.0799999237061,1.03800010681152
"species",29,29,1143.248046875,17.6661243438721,18.2940006256104,1.03000009059906
"species",30,30,1090.54602050781,17.8746242523193,18.5120010375977,0.912000060081482
"species",31,31,1109.9560546875,17.8041667938232,18.306001663208,0.950000047683716
"species",32,32,1108.49597167969,17.7181663513184,18.306001663208,0.930000066757202
"species",33,33,1116.62805175781,18.5577926635742,18.113000869751,0.875000059604645
"species",34,34,1203.9150390625,19.195499420166,18.9710006713867,0.573000013828278
"species",35,35,1215.0830078125,19.5343742370605,16.8410015106201,1.19600009918213
"species",36,36,1212.01403808594,19.6316242218018,17.9810009002686,1.12600004673004
"species",37,37,1232.07006835938,19.4072914123535,18.7100009918213,0.494000017642975
"species",38,38,1225.66101074219,19.414249420166,18.7990016937256,0.522000014781952
"species",39,39,1237.50695800781,20.2817497253418,18.6880016326904,1.06000006198883
"species",40,40,1177.69299316406,20.0474166870117,18.8650016784668,0.895000040531158
"species",41,41,1175.81005859375,19.9543762207031,18.1840000152588,0.987000048160553
"species",42,42,1219.73498535156,20.0806255340576,19.2030010223389,0.771000027656555
"species",43,43,1227.52905273438,20.0954170227051,19.2790012359619,0.759000062942505
"species",44,44,967.861999511719,16.2295417785645,16.8600006103516,1.28900003433228
"species",45,45,1034.00695800781,15.8270835876465,16.8000011444092,1.00499999523163
"species",46,46,982.341979980469,16.2310829162598,17.5850009918213,1.18300008773804
"species",47,47,979.609008789062,16.1352500915527,17.3920001983643,1.17500007152557
"species",48,48,969.93603515625,16.2006664276123,17.4580001831055,1.19800007343292
"species",49,49,957.994995117188,16.1918754577637,17.4180011749268,1.23000001907349
"species",50,50,936.401000976562,16.2917919158936,17.4450016021729,1.22800004482269
"species",51,51,909.424987792969,16.9839572906494,17.0610008239746,1.28100001811981
