"species","x","y","ppt","tmean","vpdmax","vpdmin"
"species",1,1,1514.76013183594,17.4110012054443,16.9650001525879,0.999000072479248
"species",2,2,1530.73901367188,17.3830013275146,16.6610012054443,1.0200001001358
"species",3,3,1596.42907714844,17.5960006713867,17.1900005340576,1.08000004291534
"species",4,4,1406.87902832031,17.6370010375977,17.1480007171631,1.05000007152557
"species",5,5,1688.51013183594,17.6340007781982,16.875,0.885000050067902
"species",6,6,1648.30004882812,17.6260013580322,16.8620014190674,0.834000051021576
"species",7,7,1767.19909667969,17.1110000610352,15.6850004196167,0.713000059127808
"species",8,8,1749.77014160156,17.5740013122559,15.9290008544922,0.489000022411346
"species",9,9,1478.58911132812,17.625,16.1319999694824,0.608000040054321
"species",10,10,1467.84912109375,17.8810005187988,16.8889999389648,0.973000049591064
"species",11,11,1840.92004394531,18.4360008239746,11.943000793457,0.797000050544739
"species",12,12,1885.30908203125,18.4530010223389,12.1800003051758,0.465000033378601
"species",13,13,1874.89904785156,18.1660003662109,12.3100004196167,0.990000069141388
"species",14,14,1509.38012695312,17.689001083374,16.9890003204346,0.910000026226044
"species",15,15,1802.69006347656,17.9740009307861,17.8930015563965,1.20000004768372
"species",16,16,1989.03015136719,18.6640014648438,19.4850006103516,1.56400012969971
"species",17,17,1808.42004394531,18.8330001831055,19.6140003204346,1.89000010490417
"species",18,18,1572.15905761719,17.6979999542236,18.0250015258789,0.864000022411346
"species",19,19,1680.0791015625,18.5490016937256,18.6400012969971,1.59400010108948
"species",20,20,1515.080078125,17.8560009002686,17.4280014038086,0.889000058174133
"species",21,21,1327.55004882812,17.8860015869141,18.4630012512207,0.824000060558319
"species",22,22,1317.00012207031,18.371000289917,18.4000015258789,0.745000064373016
"species",23,23,1367.19909667969,18.2520008087158,17.730001449585,0.678000032901764
"species",24,24,1818.94006347656,18.2960014343262,13.0400009155273,1.08400011062622
"species",25,25,1978.60913085938,18.4479999542236,14.5410003662109,0.293999999761581
"species",26,26,1742.43908691406,18.7569999694824,16.9900016784668,0.545000016689301
"species",27,27,1268.8701171875,19.1700000762939,17.3190002441406,0.430000007152557
"species",28,28,1214.09899902344,19.4260005950928,16.3480014801025,0.290000021457672
"species",29,29,1258.09899902344,18.9600009918213,18.0340003967285,0.319000005722046
"species",30,30,1161.30004882812,19.4150009155273,17.8290004730225,0.387000024318695
"species",31,31,1057.34899902344,19.1690006256104,17.2310009002686,0.319000005722046
"species",32,32,1055.84899902344,19.1330013275146,17.3930015563965,0.339000016450882
"species",33,33,1145.09899902344,19.9830017089844,17.4140014648438,0.54200005531311
"species",34,34,1114.55908203125,21.3050003051758,17.4700012207031,0.389000028371811
"species",35,35,1298.68005371094,21.6700000762939,16.0770015716553,0.907000064849854
"species",36,36,1470.79907226562,21.8680019378662,17.7900009155273,1.02400004863739
"species",37,37,1383.23901367188,21.480001449585,17.076000213623,0.190000012516975
"species",38,38,1325.64001464844,21.4030017852783,17.068000793457,0.169000014662743
"species",39,39,1230.74011230469,22.1520004272461,16.1740016937256,0.558000028133392
"species",40,40,1366.3291015625,21.9150009155273,17.8299999237061,0.53300005197525
"species",41,41,1394.76000976562,21.7810001373291,17.4640007019043,0.657000005245209
"species",42,42,1379.02905273438,21.9830017089844,16.7870006561279,0.282000005245209
"species",43,43,1367.98901367188,21.9900016784668,16.9380016326904,0.271000027656555
"species",44,44,1295.30004882812,17.8780002593994,18.3819999694824,1.0110000371933
"species",45,45,1648.36901855469,17.8570003509521,17.9370002746582,1.35600006580353
"species",46,46,1302.16906738281,17.7430000305176,18.7870006561279,0.856000065803528
"species",47,47,1401.98010253906,17.7600002288818,18.6900005340576,0.966000020503998
"species",48,48,1375.18908691406,17.7330017089844,18.480001449585,0.896000027656555
"species",49,49,1304.46008300781,17.6760005950928,18.3560009002686,0.877000033855438
"species",50,50,1302.89001464844,17.7840003967285,18.314001083374,0.884000062942505
"species",51,51,1714.71911621094,18.7440013885498,19.4240016937256,2.08000016212463
