"species","x","y","ppt","tmean","vpdmax","vpdmin"
"species",1,1,979.43603515625,15.6866245269775,16.75,1.04500007629395
"species",2,2,975.942016601562,16.2485408782959,16.6940002441406,1.0200001001358
"species",3,3,991.238037109375,15.8589172363281,16.2720012664795,0.992000043392181
"species",4,4,1061.03698730469,15.6355419158936,16.6770000457764,1.02300000190735
"species",5,5,966.789001464844,15.4709997177124,16.6950016021729,0.998000025749207
"species",6,6,987.398010253906,15.9084587097168,16.75,1.0220000743866
"species",7,7,950.991027832031,15.7939586639404,16.8040008544922,0.975000023841858
"species",8,8,1002.86499023438,15.6881246566772,16.7639999389648,1.05800008773804
"species",9,9,988.205017089844,16.0347080230713,16.4530010223389,1.06700003147125
"species",10,10,988.010986328125,15.8949165344238,16.7250003814697,1.02600002288818
"species",11,11,1004.80798339844,15.650333404541,16.6580009460449,1.03400003910065
"species",12,12,944.570983886719,15.1035413742065,16.5610008239746,0.959000051021576
"species",13,13,1061.95703125,15.637749671936,16.7560005187988,1.0440000295639
"species",14,14,1015.65802001953,15.8164167404175,16.9530010223389,1.10199999809265
"species",15,15,989.055969238281,15.7444162368774,17.1790008544922,0.925000071525574
"species",16,16,992.819030761719,15.966667175293,17.7100009918213,1.05900001525879
"species",17,17,991.339965820312,16.0810413360596,17.3490009307861,1.10900008678436
"species",18,18,981.916015625,16.1882495880127,17.4340000152588,1.17400002479553
"species",19,19,980.52197265625,16.1569995880127,17.5750007629395,1.16100001335144
